8.04982960685978e-29,4.02984998815151e-18,0.99999999999997,1.3215151411571165e-39,2.981339470856229e-14,2.0381317411186026e-20,1.3811374816803964e-16,6.402664187208811e-19,1.8568977753202724e-27,8.431850383065441e-49
1.5610065728359345e-63,6.34349061644498e-20,0.9999999999836302,0.0,1.636989435296612e-11,8.425983833946709e-37,2.245093654778793e-19,8.54603488702214e-32,7.186884639122001e-46,9.421730388342295e-133
3.4506761505495375e-54,0.00023964466028644955,3.747317572941477e-23,0.0,6.417354859317183e-32,4.148197546956451e-30,0.9997603553397135,1.6544382645982254e-40,1.0464264368005921e-139,1.3049884908146934e-24
7.137521785597202e-54,2.528408704606542e-22,0.9999999252820196,8.571616470389704e-99,1.1316065538070827e-28,3.3325388962404697e-15,6.07693047408069e-20,1.5181599565083308e-16,7.471797683320973e-08,3.9381663950118834e-91
5.53514793254008e-27,0.005880225619980732,1.520879772191895e-18,1.2982071727063808e-126,1.289527139419914e-22,9.400209620161028e-24,0.9941182463325514,1.4711668901995987e-28,1.2275178431324866e-56,1.5280474678030823e-06
2.1853197553919424e-26,0.005011814847728734,9.345653730535096e-19,9.959982518670241e-208,2.2623943395686038e-24,9.37612269485796e-22,0.9949878777873264,7.63424199828628e-27,8.966688290342994e-59,3.073649447287896e-07
2.2119766135530236e-46,9.79459512742498e-19,0.9999999999462017,0.0,4.687777957563396e-17,6.052041284618071e-22,3.233541266978861e-17,2.5820488858062593e-20,5.379842079638366e-11,2.4373663081935147e-89
3.9273674029571896e-20,0.0170354036459294,5.52930071578755e-19,1.1176578409229688e-26,1.1505577347926436e-22,1.9896946080211754e-20,0.982679950169694,5.294407428053373e-24,9.250587019504473e-42,0.0002846461843766308
2.7679918752462964e-21,1.1844199872246028e-10,2.3020185735867194e-07,0.0,0.999999769621201,2.0513676007271714e-49,3.4644169486006097e-12,5.260460242622675e-40,5.503530728063137e-11,3.0426747485896126e-38
7.817627519377874e-14,0.004601672220216149,3.140512219651861e-14,0.0,9.354811905832819e-26,4.410462043912275e-12,0.9951808296739875,7.069579602069143e-16,2.8844096476134908e-55,0.00021749810127571242
3.7190793077597425e-10,0.028626622059075492,1.1335793002193682e-14,1.2479171596930546e-20,5.895869526659395e-19,3.997297227889412e-16,0.960224965430921,1.2397943752574635e-17,6.462971319252308e-32,0.011148412138083912
5.840082827800315e-56,3.2257410592931977e-19,1.0,0.0,1.3876903948537224e-21,3.86748868059595e-20,3.274869023760029e-17,8.332178781299622e-20,6.221400933931964e-46,1.2140803791497179e-107
7.84620122325714e-13,0.03460436764341114,3.6325805108177814e-16,1.214052774799655e-51,5.4715640928547534e-18,1.269745244161825e-19,0.946821851685673,3.693242380553069e-21,2.6750660322972417e-32,0.01857378067013082
9.10603490867473e-06,4.215506124101625e-11,2.0204078985839264e-05,0.0,4.431448117240429e-35,0.827170605409135,8.064313022514234e-09,0.1728000763705022,5.843736590185304e-25,2.671647777116211e-16
2.540797045187282e-08,0.061382973006163806,1.9818966353343348e-17,2.5493445367144446e-135,3.8669071363922065e-21,5.078384212818875e-15,0.9326446908621733,2.6221386010980044e-16,2.04840902901425e-57,0.005972310723687223
3.0542146092350886e-12,0.08244053514780568,1.437660768472058e-20,0.0,1.0356095305846974e-18,6.8450733193985935e-22,0.8451824458293258,5.757040149577621e-23,3.0347035623665333e-69,0.0723770190198143
1.0298682940401943e-18,1.3380748410906875e-11,0.9947145964996928,6.435515111270637e-18,3.496129822399999e-13,1.8272685639343775e-14,4.805831724465322e-10,9.376375420605662e-13,0.005285403005037616,4.4323064901495245e-40
1.7294817897998892e-10,0.014122265246377923,2.1668889923544698e-11,2.726597636893033e-53,3.0303496468035786e-16,1.0015029784955964e-16,0.937239121540302,3.085123671800722e-18,5.328699437835747e-32,0.04863861301870263
1.5598564654182256e-55,1.7745642415983948e-21,0.9999999996832715,0.0,4.846176876047123e-18,3.8966725953951e-25,5.1385629556061334e-20,1.1769719753608202e-23,3.167285368985474e-10,1.8875725176901163e-102
6.01991275908895e-23,9.4588418634018e-11,9.20441463262022e-12,0.0,0.9999999998952913,1.0506324964608374e-63,9.15862415638914e-13,3.947541468694465e-47,2.350436518842569e-112,2.829036994970479e-85
1.734882700567974e-10,0.15947845177339987,5.4841537809756115e-17,0.0,7.810796163573482e-11,1.9017845632187077e-28,0.8369507309356417,6.564246451911234e-27,7.916916625223208e-43,0.0035708170393620817
8.413179194313136e-11,0.029257553291797706,7.443010329193325e-15,2.2910937651316046e-21,1.7761053457503426e-18,4.52950756834081e-17,0.9574237775321718,1.464110704141159e-18,2.5970848056792994e-31,0.01331866909189137
2.824120479857119e-09,0.009989637953698526,6.374898462057421e-13,0.0,2.3337538678114792e-23,6.879331733413652e-11,0.9836187535992192,1.8744015169155054e-13,2.125273613308074e-39,0.00639160555334336
0.0007482474840383568,1.5113289161345366e-16,6.827413012800555e-08,0.0,6.423276828848679e-48,0.9277728999795898,2.2245211167936313e-13,0.07147878425563758,2.837137881547024e-86,6.3816025594434865e-12
2.9640322788229553e-59,3.680678433791281e-25,0.9963813454097371,2.008668801944953e-50,2.2914418959861583e-25,1.3749487792634082e-20,4.792932640943702e-23,2.2383348191389183e-21,0.0036186545902629043,2.772231970945634e-97
2.7436661847138573e-19,1.0041826166996453e-09,9.759988459547597e-12,0.0,0.9999999989724944,3.523867082412037e-58,1.3563092184080033e-11,4.229625935317887e-44,6.016889958963508e-53,4.152802402886483e-62
5.142520781266068e-06,0.051356504575846805,8.758556534676029e-13,4.458723742404547e-127,9.870968613099457e-16,1.4321345815327836e-15,0.948377770549608,1.3297876365692906e-15,3.157334045149545e-32,0.00026058235288440646
0.016089417994247412,2.397502584316492e-10,3.5393809594551363e-15,0.0,2.651410043442406e-54,0.8162934651662734,7.2527543271511414e-09,0.16761710933474538,1.1144774302823706e-59,1.2225641043010376e-11
0.015435313449091633,7.0659168887137745e-12,1.3181340517810577e-09,0.0,8.474480337552091e-44,0.9299303206106343,2.658028858682888e-09,0.0546343610557985,3.295214137554632e-61,9.012466649947783e-10
6.900140316086771e-05,2.1523288051188962e-12,6.044940219239444e-05,0.0,6.673273677790128e-36,0.9094457449682768,1.0624215640585094e-09,0.0904248031615456,9.685703734020568e-43,2.5046685251552167e-13
1.0325518645100534e-19,1.61049063269243e-11,0.9999995243456511,1.6771337197139346e-106,4.5515109085102685e-07,9.813611434073792e-23,1.1652976352047203e-10,2.6519898327727264e-19,2.0370623395387545e-08,5.56574246925258e-40
9.299097234643797e-51,6.402330173370249e-20,0.9999999170770177,0.0,4.775475307269399e-13,2.4476014074700234e-29,4.46373120510316e-19,4.8331500249712063e-26,8.292250471263669e-08,5.8182357733029585e-98
4.207223854227773e-19,0.03904033786038122,8.50616073125454e-21,2.2901920842345707e-104,2.0996863396117803e-21,1.9877194408201965e-22,0.9560142352612362,2.8509291075714663e-25,2.5305746891154325e-45,0.004945426878382623
2.8060194182646514e-15,2.088599812980724e-07,1.6609027135819727e-08,0.0,0.9997352963031418,2.036109431464692e-44,2.126457363059415e-08,2.1408036232976435e-35,0.0002644569632732247,1.7683521461183667e-34
2.741356403512358e-37,1.566579297781232e-18,0.9971313663813655,6.473131511048161e-141,3.0884263881369375e-26,2.7144030760931193e-11,2.8535074115667125e-16,6.615068333823923e-12,0.002868633584875122,2.3496528356267318e-66
4.507474929477874e-07,0.05279459279980585,4.3337161388355897e-14,5.1073103939772565e-139,1.3214621704217122e-16,2.554413757137554e-16,0.9460721015053389,1.2092887917683265e-16,5.879081251976249e-36,0.0011328549473184066
1.200454090437197e-23,1.8282672971160662e-13,0.9972222976181222,3.776001223709181e-45,5.0458587574097104e-12,2.4892042865728485e-18,4.035717064540163e-12,4.3671387981333065e-16,0.0027777023726130597,6.022773581329433e-48
0.013653709786455278,1.862110916644588e-08,4.252306091156058e-16,0.0,1.3231011438054014e-52,0.8476705765590219,2.2983890881743164e-07,0.1386754651304809,9.366783479021015e-60,6.402353438295256e-11
2.255666749010256e-46,3.9226719114029544e-17,0.9999999999999863,0.0,1.2765967059308866e-14,6.8817843817974e-24,8.688058561818066e-16,2.2949770555464848e-21,2.277230240576809e-26,1.7172943590395884e-95
5.496352027744376e-16,7.290951447502679e-08,3.6648631298412575e-11,0.0,0.9999999248049457,5.95272829073717e-52,2.247797010521377e-09,7.059358977970674e-41,1.0935625472274833e-12,1.7052410032921017e-38
1.2931987274187196e-06,0.0613603264699256,1.0929790310780833e-12,2.1794960231803135e-218,8.409885507658558e-14,6.573688564739915e-18,0.9384350929763288,1.6161433380816962e-17,4.6113988322606746e-29,0.00020328735384127057
4.445216095502928e-22,0.0013707510234489313,7.053648955303657e-14,0.0,1.7680432718241064e-22,8.871924761486742e-19,0.9986181978384436,9.280582410528535e-24,1.1943566870539417e-93,1.1051138036861877e-05
3.687733839300378e-17,0.03569691665957512,1.245798161695945e-16,1.6639068687350715e-94,7.268563354644575e-16,6.310133428286734e-25,0.9305997105596717,1.7783736519339592e-26,1.1043726727635624e-28,0.03370337278075232
2.926749781019505e-30,9.210530859145475e-20,1.0,1.1062755991726326e-189,1.0698909227997663e-17,5.288366618198594e-18,7.491705201153441e-18,2.1244811151618523e-17,9.68106578987837e-33,3.972388666392942e-49
4.3657717376980964e-46,1.488188891607676e-17,0.9999999999999993,0.0,9.916175733529605e-17,1.6836949277746636e-21,5.369570964646397e-16,9.49252144288877e-20,9.358853452448822e-23,2.8208879626088006e-92
0.0017263913403259656,5.592416210141419e-13,1.3828485610144534e-11,0.0,3.914582448718377e-50,0.7873464711391444,6.184715129266457e-11,0.21092713744382016,5.700638754002888e-49,4.745915286976748e-13
1.530477974842719e-46,2.6834710424170687e-17,0.99999999999997,0.0,2.949348078570616e-14,1.60391487942722e-24,5.144951642960063e-16,7.503464524392434e-22,7.066266311122168e-24,1.3995047632343549e-95
0.004071449553650863,1.1189364282464228e-12,9.914330473870117e-09,0.0,3.1523966316445437e-43,0.9218784334498089,4.6180930619581085e-10,0.07405010654467646,3.697075679622961e-57,7.460504484129483e-11
9.547931118350146e-08,0.06697322885180304,3.4787070908642967e-17,1.3359590471854038e-196,4.313536246713454e-20,1.5133040971206212e-15,0.9288784855192125,1.6299011556107001e-16,4.2874165427220525e-59,0.0041481901496715915
1.944717707371461e-49,3.295605543985978e-22,0.9982457195453345,1.4516615985110967e-201,4.629145993723233e-31,1.5055809842710133e-12,1.0688226769011265e-19,3.3502002831935275e-14,0.0017542804531264634,1.5428035595965968e-81
7.136166240985927e-10,1.119938128480564e-11,2.3797130623924095e-05,0.0,5.386402935105629e-37,0.7494954428659145,1.111690007238958e-09,0.25048075816695564,3.0771821185072216e-19,2.187016219813331e-24
2.2240398548071174e-20,4.0459428037947173e-10,2.7316329804027536e-11,0.0,0.999999999564757,2.4195325924593264e-58,3.3323843897366815e-12,7.664267312154159e-45,8.42066435490774e-24,5.9271230622506965e-56
2.578972072935717e-07,0.028423603943470117,7.414130781523026e-13,8.462490183596582e-25,1.2694396375427051e-18,1.2412837754392881e-13,0.9670622085606941,1.0030472075650924e-14,1.2981108606879823e-29,0.004513929597752806
1.8958875620931673e-13,0.011912152416059186,1.6643020581113492e-13,1.5489599669735134e-80,1.338028466470447e-18,1.645054291409473e-17,0.9694274264976923,7.6754723184859e-20,2.9724939563287915e-37,0.01866042108589241
8.724925413126108e-10,0.07254679142213614,1.3223741233045054e-13,8.608743709201621e-300,3.9214147714018914e-12,1.0442123880588677e-22,0.9237616647113993,3.0610497364170483e-22,4.762026222689007e-23,0.0036915429899185195
2.7848954868731763e-25,0.030392884022789383,8.112437481101815e-22,4.4202972910407115e-108,5.5265082774854076e-21,7.511827583546117e-27,0.9691050121208314,2.3330917789395184e-30,5.220865805280729e-41,0.0005021038563790683
8.108256014547875e-28,0.017648313444783528,9.721006092075782e-23,2.1647677353227363e-20,4.0266525997714883e-25,6.0204450787682275e-24,0.9823501981760887,8.5871970383523e-29,1.0113791848844543e-48,1.4883791276934976e-06
9.697330938317148e-11,0.04575490122332103,7.21278882589305e-17,4.397636798155046e-94,2.691132015060941e-19,1.2258931791126849e-17,0.9419179549876149,5.0264133614968775e-19,4.2760696612392036e-41,0.01232714369209066
2.0319892068441483e-14,0.014424229561893221,1.1906038291932408e-15,3.520814396047299e-74,2.589646995048869e-21,8.681412011731779e-17,0.9817516697714963,1.4761815731736964e-19,7.405464799179538e-38,0.003824100666588884
0.00015145721997329405,3.635022599686645e-10,1.5020625313063792e-11,0.0,5.1791571514384755e-45,0.6833787387977444,8.798009479781289e-09,0.31646979480574916,3.957244761693161e-41,1.0208825446795912e-15
1.6757882081655258e-16,4.026230758553655e-08,9.89196825071913e-09,0.0,0.9999958947240436,2.6203066825326845e-46,2.8146735042327597e-09,1.293242904833027e-36,4.0523070069167475e-06,4.390887667066002e-39
1.0152645871038046e-42,1.3192266361583034e-16,0.9999999999999948,0.0,1.4038212338697931e-16,4.1095288424479263e-20,5.054876927934197e-15,2.1560339734132677e-18,1.1441581304752084e-22,6.590242332242531e-87
9.119161592613113e-24,5.376998115937213e-11,2.749858481758663e-07,0.0,0.9999997249343389,6.052231565167874e-50,1.4758161324479884e-12,1.1157611429761785e-38,2.4567136633211412e-11,5.455741534900652e-61
7.633758216207502e-12,0.06235430712921161,2.043641162015963e-17,3.045256841023352e-290,1.1934837633889092e-16,1.4283176898509102e-21,0.9144361335003838,2.380567920278893e-22,3.863113525258347e-40,0.023209559362770506
1.801165069912903e-27,3.2157249744051295e-16,0.9972939596005018,0.0,9.850772657953854e-27,1.0398808795354763e-07,6.444687538679051e-14,2.87248904294087e-08,0.00270590768645504,1.190819307378748e-50
1.0574683146110569e-17,3.514516033000595e-08,1.3533026527952574e-12,0.0,0.9999938730790398,1.554196744272046e-58,3.0261731477719215e-10,1.8639720288208343e-46,6.09147182929306e-06,3.941456402046662e-35
8.155386874971843e-18,6.533942823569898e-09,2.969506286738799e-10,0.0,0.9999999929438568,1.6183114642593474e-51,2.2524985530139098e-10,1.0402571514383834e-39,6.937613676381943e-28,1.6225416474542617e-51
5.773504586108989e-20,9.00614981270975e-10,1.4352724028550964e-08,0.0,0.9999999629293428,1.0013841131857995e-49,2.9275361488372964e-11,7.350819749686322e-39,2.17880429707401e-08,1.8681935197388977e-49
1.2150388610977518e-17,0.01508406582695043,1.6307322327810953e-17,7.443497445300678e-51,2.794900390016161e-22,1.177904294281699e-18,0.9841217440227878,6.154204893595657e-22,1.6239516976086672e-40,0.0007941901502616996
6.673104529138486e-40,1.5550956236172142e-18,0.9998893691463443,4.2586107550315056e-66,5.0318059271596054e-23,2.5139705004627427e-14,1.7958299447393043e-16,2.329753478282543e-14,0.00011063085360699562,8.072315994109811e-73
1.2451855507286508e-46,1.670150576635392e-17,0.9999999999999993,0.0,1.4901778806708226e-16,7.794857453298536e-22,5.867569823974595e-16,5.218316101978736e-20,2.6455536016786657e-25,7.282754685424696e-94
9.092469148221488e-40,7.464778719526095e-18,0.9999999995463692,6.481507312015102e-138,2.8712511213755193e-28,4.0107086550682097e-10,1.4781860069858814e-15,4.7071305588465195e-11,5.4872207599271635e-12,6.15751302266518e-72
1.4751682496476904e-47,7.622483392249338e-21,0.9999245036833389,2.3276949886087407e-71,1.2298593805778261e-24,4.557872832838683e-16,1.0574660479732765e-18,1.6696134660214126e-16,7.54963166604508e-05,2.6793777150471385e-83
6.9709240752913955e-31,0.011123804772768238,2.854469642255619e-22,3.307989979738948e-26,1.0130116175887197e-24,1.210677931078678e-25,0.9888760973248393,6.338587077870001e-31,1.1377344206634813e-49,9.790239253407862e-08
2.235402826429337e-47,1.047676244964376e-17,0.9999999999999994,0.0,3.3973477510596573e-18,2.4835803198631136e-20,5.342318785899212e-16,4.935335889346143e-19,5.94117770696729e-28,4.1849779321312605e-94
4.1260425708295155e-15,1.9862006099322627e-07,4.6844853738023995e-05,0.0,0.9999522633715849,1.3047812761452725e-37,6.435119979539193e-08,7.795784140736228e-31,6.288034120273514e-07,1.0205776594586651e-27
0.005668646858081602,1.3301704990666878e-11,3.4281157877046756e-10,0.0,1.924677983449513e-44,0.8926717210043549,2.394393492925005e-09,0.10165962934813287,2.5571331164983546e-48,3.892390471542695e-11
1.9211632511140264e-06,5.28812428378872e-09,4.192314379020065e-06,0.0,1.687968594923519e-33,0.6848231461151826,3.2918870605774876e-07,0.315170405930357,3.860370220341627e-24,5.1046182058328636e-20
2.455253958257325e-59,2.375534538937857e-22,0.9999999999999929,0.0,2.1540197542484322e-22,6.060708288224875e-22,1.9366648930455803e-20,7.974187781033049e-22,7.01863079245757e-15,3.670168060694981e-106
6.5311640083387476e-15,0.008804166304221657,2.074104580281146e-12,3.741327941661256e-111,8.467458514582396e-17,1.8511318724755139e-19,0.947553505618609,7.496970900010561e-22,8.276649415831505e-46,0.04364232807508875
2.77121914840993e-05,9.651527777324589e-15,7.530115902235177e-11,0.0,2.573642266391864e-52,0.6584936041401223,1.0315130188564965e-12,0.34147868359205086,3.8166074987134554e-43,4.1554878161921934e-16
1.5321876640660064e-57,8.973913468113774e-18,0.9999999999999986,0.0,1.4187894039824847e-22,6.44300998424387e-19,1.5426406606918117e-15,5.682495964513569e-19,9.284350918246453e-91,1.9170132515040608e-114
5.466952800137445e-06,0.06493877629906471,1.2669567367816032e-13,1.543395354429492e-256,2.951735883611071e-15,9.978149826726413e-17,0.9349264259311636,1.7168027888619046e-16,4.41330766786607e-39,0.00012933081684178343
3.918877420017997e-16,1.0924116201112272e-07,1.919975203710489e-10,0.0,0.9999465695318673,2.959490633961299e-50,4.238903107260147e-09,4.520532181885443e-40,5.3316796069473046e-05,7.318373752954673e-34
6.406217428395424e-13,0.07380651382335573,6.342510253288946e-17,0.0,2.7325449271953004e-14,9.126840694372163e-25,0.8940090000844596,5.166275779483544e-25,2.337796458422853e-32,0.03218448609151656
4.6177548501998986e-15,0.01006545346291462,1.6713349833734113e-11,5.198135995720643e-66,2.0273094355682274e-14,1.505884836985997e-21,0.8515547617222394,1.875992637798984e-23,7.539629450332044e-47,0.13837978479810778
1.0622442164750212e-12,2.753859533621702e-06,4.618314521320798e-09,0.0,0.9999965935089284,6.868317488443491e-42,6.480121613024589e-07,3.1393513380923324e-32,7.491008074952168e-46,3.6515386088228326e-44
0.016418592242416555,1.7203778946074166e-09,1.6899731834510155e-09,0.0,1.2418474879771197e-39,0.8978507292018905,2.2712538509050855e-07,0.0857304474676912,2.932082494357445e-40,5.522656408962385e-10
1.9565094613442074e-05,2.566059303267102e-12,9.299295129891963e-11,0.0,1.9757421680031942e-47,0.6820366933360019,1.2747290346070853e-10,0.3179437413463525,1.3381946317889122e-35,1.1936226074714465e-16
5.579233406806402e-27,2.8218508233100146e-17,0.999999999999989,4.565519021632855e-49,9.762557647313964e-15,8.451046750780942e-19,1.2027059172720684e-15,1.8872187920366667e-17,1.135347843521757e-22,1.1079156753403151e-46
1.8561072440997514e-09,0.028053431562793135,9.858342338817927e-14,4.268459614999847e-18,6.426212457114108e-18,4.2891624904722845e-16,0.960912672049587,2.380177893838896e-17,3.3249314414717676e-29,0.011033894531413575
6.257174608987609e-29,1.4374223662084173e-14,0.9999999876383254,1.4336486113011648e-96,1.5565491647363378e-23,2.9651652381369534e-09,1.6909329831408913e-12,2.7337137957986562e-09,6.6610901912193825e-09,2.1551580447807215e-57
1.6908465861193298e-37,3.770887682973217e-16,0.9999999881014979,0.0,6.590933419302683e-15,2.797606108456544e-20,9.91065548863258e-15,3.4502842437742092e-18,1.1898485080158112e-08,5.545004574553256e-76
0.0011004244016360417,2.3901039802697658e-11,2.9130684005540187e-15,0.0,1.2816983230671728e-56,0.43255574086297466,1.9306344949189996e-10,0.5663438345184145,1.1072598783195552e-54,7.27605923732643e-15
7.931499687429841e-08,0.10461657929891181,1.6694584779062385e-13,0.0,6.57631190834648e-11,5.274727773927599e-23,0.8952497747952814,1.0701639784941515e-21,4.6295447822498235e-29,0.0001335665248797432
0.0003146049988405522,6.470733913125445e-11,8.512900954589629e-11,0.0,1.2917471171291742e-44,0.7545283296654612,3.2246814680657645e-09,0.24515706196116344,2.463387628329268e-36,1.6969595021656977e-14
4.485810469855268e-24,0.056132343127271174,3.950657082198981e-19,0.0,9.091535651095928e-15,8.430272444765458e-33,0.910017848925394,2.1195087046398205e-34,9.005380056229743e-28,0.03384980794732568
1.3943916411590535e-18,0.006418178652779261,3.747774974535905e-14,1.0560421683545197e-169,5.747840463902648e-19,2.0688564126983965e-20,0.9904550287100238,9.985942083999548e-24,7.32394582691539e-54,0.0031267926371594226
1.494203371031136e-31,1.991768833577833e-14,0.9999999999492517,2.681388658432126e-168,9.87253142163743e-18,1.3277305318505432e-14,1.0864782906909898e-12,1.9093458158398007e-13,4.943766101561598e-11,2.7795282277052374e-65
1.765104555625618e-11,0.015393498502217608,4.548063567668358e-14,2.453291611476711e-78,2.50117134082163e-20,3.593974361364891e-15,0.9737383103781377,2.1430685986759933e-17,1.9119080984632355e-34,0.010868191101944527
2.3121256126573793e-34,1.9994101369354444e-11,0.9999994279460479,0.0,5.719091311934721e-07,4.935048731503581e-27,1.248268619746303e-10,8.342089055186854e-22,1.1715036267662175e-54,1.7510219178524154e-87
0.008554031789261694,1.993636327473154e-11,1.9682756665520018e-13,0.0,1.1956012621458039e-51,0.790240103551132,1.0275432896232442e-09,0.2012058636074818,5.661425526417199e-52,4.448076476525321e-12
1.304839705056167e-56,4.033236504412624e-18,0.9999999999999998,0.0,8.399724960773125e-17,4.848309779162805e-25,1.821152396608688e-16,4.56047486404275e-23,7.319626901580139e-65,1.2212239374971936e-116
0.014424106650956347,2.4116031499934688e-11,1.547606206563688e-11,0.0,5.181855032216426e-47,0.9000866911463891,3.754046087542052e-09,0.08548919825433587,4.312760609075325e-55,1.5468059728260378e-10
2.3009166576486773e-06,2.133504741709305e-15,1.6996662125237406e-08,0.0,4.844017529050598e-48,0.795211182236231,5.660299520735028e-13,0.204786499849881,1.695695982778166e-42,1.0390415527282852e-16
1.5484448984974105e-51,9.912747120609948e-22,0.9999986068184561,2.821465578576623e-83,2.93198258402997e-26,3.5665746947006895e-16,1.7132682298779667e-19,5.3747430647110445e-17,1.393181543502035e-06,7.248755307503597e-89
0.00020168305926383378,1.693497011741154e-10,9.562389318900446e-11,0.0,7.918161411536929e-44,0.7332957352794561,6.773283599750266e-09,0.2665025746230183,3.257298239563374e-36,4.287868066586893e-15
7.033111027372547e-28,0.03028426299067584,2.2642833832145695e-25,2.5035256754007137e-35,6.046617381856334e-29,1.3997327007665127e-21,0.9697154495105926,5.968066751069044e-27,6.300309607992016e-64,2.8749873146283003e-07
1.494796338823399e-32,4.453695390164011e-15,0.9806386987095772,0.0,1.6834977245269722e-10,7.231799444104124e-24,3.9068673325627365e-14,1.658598072472385e-20,0.01936130112202939,4.599355009337152e-67
2.023803706612492e-19,0.00819011494427547,5.979503301664981e-19,0.0,2.1567285907881192e-30,1.6377981112257278e-13,0.9918097080348267,2.3793764628252277e-18,4.188013904636822e-57,1.7702073391063233e-07
5.303215763286998e-14,9.803935883315018e-07,1.81265715616643e-10,0.0,0.999998946739036,2.145842926691937e-47,7.268485921747311e-08,1.6090374515976636e-37,1.1976515523855876e-12,7.260613667232429e-34
4.680066849156919e-18,0.020486223475651738,1.5990271223714656e-18,2.0686794562347422e-21,3.568581124718337e-22,1.3715033352710242e-19,0.9784104907301978,9.24523037517801e-23,3.5152516149619106e-40,0.0011032857941504224
2.136276230954683e-06,4.184709162027797e-18,1.32984910469495e-10,0.0,9.252833890036228e-60,0.44979865693547516,7.768890495666396e-16,0.5501992066553081,1.0435590509788591e-53,6.825726301801786e-18
2.6446661070089135e-31,1.8867944533275617e-14,0.9999999995469725,2.0599866474985162e-156,1.1051640776652264e-17,1.3191327563027124e-14,1.022765651657826e-12,1.9180507202476604e-13,4.517809967660705e-10,1.2190597571834348e-64
1.998185954222998e-18,1.8959714963979197e-12,0.9996352680402167,9.866900237070907e-140,1.3217224018408478e-19,7.0340157829974104e-09,1.9125655803424474e-10,1.896350609823909e-08,0.00036470576910882047,1.8181304990165428e-38
9.084516568776754e-30,4.815963784520222e-15,0.9998479959200283,1.4737120537084118e-57,2.2193244919583538e-19,4.679379222430748e-13,3.5448344363598043e-13,2.4384299930613406e-12,0.00015200407670625172,3.4745542151350945e-59
1.7008550284553124e-05,4.148467396259916e-14,9.301857417065322e-10,0.0,2.1740590155013218e-48,0.7497208393668217,5.658570263282664e-12,0.25026215114700745,2.9281132477379914e-39,5.37367237579978e-16
8.25824205513187e-27,1.620397503442877e-13,0.8868335055615908,1.986724625173581e-230,1.0360763347870345e-10,7.442506243400941e-21,2.098151834459094e-12,6.520934666083396e-18,0.11316649433254126,2.105718517181439e-56
9.443136677709918e-26,1.622521228385919e-11,2.4509731558992623e-09,0.0,0.9999999975326498,4.983248703748315e-58,1.5187615009119942e-13,7.356525787385054e-44,6.106111291369544e-43,1.250490261020208e-76
0.22950648990167877,0.0683222112479083,8.217481200876374e-13,0.0,3.195715939265089e-17,2.6238753174019584e-11,0.7021712985278891,2.9491887440344603e-10,2.318838277222115e-117,5.443614052015425e-13
3.399518330591061e-14,0.04164687736125414,1.4166533222713513e-18,8.689399132151526e-88,2.6898443547456498e-20,1.353703228657961e-19,0.9439369709813137,1.2398152940720576e-21,1.6740991183922014e-42,0.014416151657398235
0.0004096094422265846,2.882786456912902e-13,6.050771989004042e-11,0.0,3.070280361805151e-49,0.768236179686291,3.2496873066419225e-11,0.23135421077813564,1.5735409940596043e-44,5.4040932491272815e-14
0.07214262133273285,0.06721527847736784,1.68609101621435e-12,8.135817119486014e-238,1.37659759648988e-19,2.0294932207647612e-09,0.8606420695562608,3.2069452076192376e-09,3.862019160963952e-73,2.539551413832215e-08
1.1741358123005726e-05,1.4339959232942085e-11,4.0713737564143734e-09,0.0,1.3048574104421982e-42,0.7442507455967576,1.0035398821434461e-09,0.2557375079558658,2.3977268405243167e-30,6.676476146914012e-17
1.058729353430512e-43,3.0512419044054937e-18,0.9999999829675817,0.0,1.1314562562316104e-16,2.5607861847535296e-21,9.740052629121559e-17,1.237811381496645e-19,1.7032418114945813e-08,1.7097446254277603e-84
2.457112020649953e-07,0.017522525797601392,1.1470475119569347e-10,1.3837184823928016e-56,4.049458230696901e-17,1.6085973706369245e-13,0.9693712634589985,1.161606730875486e-14,7.706929235190731e-27,0.013105964917320842
0.0006690800077963053,1.373013793899423e-09,2.1964049884274376e-05,0.0,1.0479595859344514e-32,0.8526232758569496,2.6607897560260015e-07,0.14668541263283166,1.9968125776223818e-27,5.487367914574178e-13
5.354101129437132e-07,5.0102406540418596e-12,3.463947692462009e-12,0.0,2.158228416020043e-51,0.4857661622170874,6.699934092541389e-11,0.5142333022973262,8.148579940547087e-47,3.866786445410273e-20
4.09993010777762e-11,1.0377750812118332e-08,0.9990861270638994,7.808502277115308e-229,7.049447709128627e-21,0.00035286203874045817,1.0003775740788816e-06,0.0005591533049414524,8.467960944222788e-07,1.0917966063728994e-28
3.799033921055921e-18,2.1713492567561016e-08,4.7586323824689614e-11,0.0,0.9935962961699387,1.1383232113325625e-54,3.465188315836584e-10,6.466632603704868e-44,0.00640368172246373,1.1300996408426798e-32
3.549935328313348e-07,0.03633705399186188,2.7016969689093346e-14,3.351006969775196e-35,2.798651180248126e-20,4.557204165538892e-13,0.9604286976782458,2.7509647916296845e-14,3.969021039148166e-37,0.0032338933358493074
2.4808593582662312e-33,4.0403393263325435e-20,0.9999999999999909,1.2246735412376323e-204,2.634924801402327e-21,2.5351221805715156e-15,5.347791782604909e-18,2.7514305948480758e-15,3.7269934892706535e-15,1.4248064627746082e-55
2.6587933632985502e-14,2.3621257767667298e-05,1.5550985572194029e-12,0.0,0.9999590371265846,3.606404121659687e-52,9.589514765127635e-07,2.251132814093201e-42,1.6382662589523097e-05,1.192091358210224e-22
2.866272359045992e-72,2.917725527861099e-26,0.9999999996731875,0.0,5.359761508232145e-21,2.1257217830298645e-29,8.766455385433465e-25,9.776576215342037e-29,3.2681247303437996e-10,1.1514889162499457e-124
5.764735573818901e-22,1.8972876765304342e-10,5.539919844304421e-10,0.0,0.9999999992532401,1.2030227151967146e-55,3.039042194112651e-12,2.6113856884950458e-42,4.139570321918108e-39,5.78133112579726e-66
0.0120734785769409,1.1379175330645027e-08,4.996934550405401e-11,0.0,4.3786793387781325e-41,0.846172527656851,5.450260866420122e-07,0.14175343726658737,2.12386945733402e-38,4.4389291178844177e-11
1.0375841256919816e-46,6.130059855619359e-19,0.9999999996972585,0.0,3.237842463309755e-17,5.576726757316496e-22,2.0565880901334477e-17,2.12649189433741e-20,3.027415079698462e-10,1.833630952509387e-89
8.691851329223164e-07,0.0678142677598032,3.3476324364783015e-13,7.178041816067733e-284,1.0939743220477152e-13,1.3799053804566621e-18,0.9319820105974951,4.11266023330186e-18,1.1780083735352827e-31,0.00020285245712473043
1.1682885157652707e-14,0.03826028356205927,2.5037002781793326e-19,7.0601698284085e-46,8.762487254959491e-23,8.013629225162587e-18,0.9564016600764451,1.9806791852255148e-20,1.066252278544675e-47,0.0053380563614840015
3.985812171541586e-17,4.225765432623129e-08,1.7892736550305697e-07,0.0,0.9999997727366671,5.538721503794868e-43,6.0783130463729954e-09,3.840701558888429e-33,2.983247032583821e-25,3.78880318597734e-51
1.0048147727164743e-77,1.7983844285779567e-26,1.0,0.0,5.876538383206864e-27,1.0573072216005701e-24,2.907995556043863e-24,5.507686449111828e-26,1.1456993452019457e-22,9.891519810465265e-132
6.010828655487585e-07,5.309757940723895e-15,7.490183340535955e-11,0.0,9.588084380656291e-54,0.5428683771721414,3.2649628541416437e-13,0.45713102166975944,5.089347848558443e-37,6.809900521469869e-19
0.0028023584028720465,6.936604883191599e-14,2.0864824903490218e-10,0.0,5.417111184737278e-49,0.8658007000064554,2.0355571466235225e-11,0.13139694135780727,1.193986284173597e-59,3.792211555308356e-12
8.88380438869334e-31,2.4345088412935097e-12,0.9999999997689496,0.0,3.9789169979006573e-19,7.446897865775199e-12,1.714714229679239e-10,4.969775432654597e-11,1.1296994362049936e-38,4.256446896918791e-68
7.490457846212475e-25,0.0057307625459083345,9.349354133408181e-18,2.029387344688587e-158,1.727474646233228e-22,2.6066951540866837e-22,0.9942634302812351,6.957504164918551e-27,3.176298063055069e-56,5.807172856519084e-06
0.031271800342903514,2.3093388278462977e-09,2.6404589740432098e-11,0.0,2.5421521537523043e-43,0.9279613519950857,3.4768629661461443e-07,0.0407664883988642,1.1619241659240958e-53,9.24110649976475e-09
2.3620435164500398e-17,3.116901840442514e-08,1.545235213789935e-07,0.0,0.9999998102370763,1.979869658651974e-43,4.0703839776844705e-09,1.627649981421563e-33,8.837414400806193e-24,3.5603656841129826e-51
1.2969822961315618e-18,0.028561204569081792,2.7851949354697734e-21,3.111834399338226e-67,6.9437454444418395e-28,3.1096722813786475e-16,0.9713986304848194,2.8091001209125367e-20,2.422123906171816e-55,4.0164946098435486e-05
1.5871552426660155e-10,0.09476041431962655,1.6076532036273093e-15,0.0,2.0282529157696745e-12,1.3914460285124054e-24,0.8994579884783498,5.492141258575845e-24,7.545357334666727e-31,0.005781597041278201
0.00018623298473396667,3.029427705244662e-14,9.044242049026249e-11,0.0,8.370075578740424e-51,0.7414206781071259,4.2312980241667795e-12,0.2583930888134225,8.337874855118429e-47,1.355985022114002e-14
7.446072028175079e-51,1.3942361184875766e-20,0.9999999989370612,5.4633113972344234e-220,5.487016206691289e-21,4.614305999524869e-20,9.684006915032595e-19,1.4024826001800006e-19,1.0629388070901857e-09,9.555451843838213e-93
1.1344501100073817e-17,0.01070386808177363,1.8879214048471338e-16,9.903247848303971e-103,7.048763925009578e-22,2.0250581072442844e-18,0.9885636850084085,8.373060238034861e-22,9.820514139826626e-43,0.0007324469098176506
7.966137223485322e-25,0.020259359711325545,6.5348490879290845e-22,4.728336329755726e-21,1.5353158213606203e-24,1.3322259586744015e-22,0.979725341664942,5.83905554796795e-27,3.0400621861246305e-47,1.529862373247525e-05
4.1142186474842374e-08,0.020125625707654506,2.66025342521406e-12,1.010971158938678e-46,1.1066296801545827e-18,1.1566545527120535e-13,0.9691953822795332,4.604440641760643e-15,6.862447584907498e-29,0.010678950867845463
1.2365476393120848e-22,0.015835761492797595,7.541530250853207e-20,7.169569886795348e-24,4.775935288810487e-23,7.939615779046348e-22,0.9840980764866757,8.884873341808843e-26,2.2633547961458286e-43,6.616202052673355e-05
2.977490043111038e-05,0.04793523063387644,3.560271500570817e-12,6.229982384725928e-97,3.933411089664804e-16,3.0441395196097204e-14,0.9519195324215656,2.7506735707857517e-14,5.440868313522177e-32,0.00011546204050831912
0.0003151805777600932,4.209446895349772e-11,7.204665279864971e-12,0.0,2.4219537446279815e-47,0.7022712696753006,1.4176818902373162e-09,0.29741354827994904,5.859234267455997e-40,9.280892379431636e-15
2.3561449123663296e-37,8.236875474163311e-16,0.9998847816087397,0.0,2.993204253799326e-09,8.842828506515571e-28,3.599703131686769e-15,1.4727979518954832e-23,0.0001152153980515411,8.683084336418314e-78
3.8442278630937235e-57,1.2250200955013374e-24,0.9823608384048275,7.371522052213031e-163,2.4816516907266522e-31,3.3208287206106768e-15,4.364243660026208e-22,3.7425045355232284e-17,0.01763916159516919,1.712017809007257e-91
2.0334805303243354e-08,0.021490470996986474,1.3748807762258277e-13,6.449611056695775e-67,6.855670443361103e-21,9.336792100475033e-13,0.9709211337018362,1.6718003929602476e-14,6.409916776258788e-33,0.007588374965284254
0.0005849865974780152,0.035890293781574885,7.119117322570338e-09,1.959643764096632e-32,1.917628297196363e-14,1.9502708238387103e-12,0.9635132937234147,3.4652417040793543e-12,1.1121726993159328e-20,1.1418772980245023e-05
4.651364789851435e-24,0.023788294778255687,6.173834600660267e-22,5.526625607566851e-28,5.488968038438063e-24,7.957582949943758e-23,0.9761585939503237,6.2148497483041306e-27,8.067458760641612e-47,5.3111271420661635e-05
1.7026361310249675e-17,1.3085698787365515e-08,1.2060985019673673e-09,0.0,0.9999836612816775,6.129025245478069e-50,4.688930592697424e-10,1.631504360909979e-39,1.6323957632178917e-05,1.58211530805649e-39
3.463301402547423e-06,1.9973602867252794e-11,2.2778668623783765e-09,0.0,4.3536254645093596e-43,0.7052999768630391,1.0245352442401555e-09,0.2946965565131826,3.460877434192591e-31,3.616199749548181e-18
3.192788284967013e-11,3.8247772673797714e-10,5.7370662933456455e-06,0.0,1.1125133891282232e-36,0.6827437089027911,1.6902823213393062e-08,0.31725053671368664,1.261244540997881e-35,6.573046236009e-29
0.00020601218379270834,9.150425768593314e-17,2.3828212144745056e-12,0.0,6.21471419453353e-61,0.38097135603739746,9.818435354741648e-15,0.6188226317764166,3.359144757349934e-58,4.876858902765048e-16
1.699383569627476e-13,0.07008703149237475,1.5404180233826135e-17,0.0,4.961907622492653e-15,1.1738482788051693e-24,0.8888702998688196,3.729077593063638e-25,9.203106278219179e-35,0.04104266863863082
1.8753682183324496e-21,1.9719812488088546e-18,0.9999999999189514,0.0,1.1475940429767576e-22,6.329386740609625e-11,7.6730056395534e-16,1.7753982536347943e-11,1.8396449478318017e-47,5.480745067212883e-34
4.77580983899753e-14,0.055440332401081434,3.911558226577226e-15,5.175406817161164e-211,3.24129799198451e-13,2.654543750366556e-25,0.9002930743593268,1.0907270129466393e-25,1.8678163998532135e-23,0.04426659323921591
5.65173371144686e-14,0.02746475588304899,7.84973425182742e-15,4.5612269969726985e-25,3.153588365387008e-16,3.043364403338495e-21,0.9420562487203721,1.0159840059032284e-22,1.6470245187589476e-28,0.030478995396514195
5.431730582016593e-35,2.062532613419858e-18,0.9974420433963714,9.20998739998814e-28,6.812589656970032e-19,7.328571962757678e-17,1.3512490850745837e-16,4.2687947523635983e-16,0.0025579566036279104,3.3219689358719605e-63
2.979328909609387e-09,0.12819841638502338,6.533398767394359e-13,0.0,4.598634119322478e-09,5.528460390727704e-26,0.871451964787399,2.689381088199834e-24,7.101709989380146e-20,0.0003496112489612839
1.5559131353117085e-05,3.8169614837552e-15,1.1443270711716043e-10,0.0,9.068191228149708e-53,0.650228240162302,4.535534972462329e-13,0.34975620059145457,1.5684715206870466e-43,1.9364262856928646e-16
1.3472679104549785e-43,8.30325413836324e-18,0.9999999999999735,4.470761085086232e-308,7.19385847179793e-19,1.2209778582043705e-18,4.610385728689302e-16,1.3174045429678307e-17,2.6060823687224115e-14,1.6041148764386462e-84
2.7737660747612505e-09,0.020394744088830793,5.013641627175355e-13,3.407679066611358e-36,1.0253756621262718e-18,9.102800102346441e-15,0.9662083483094723,2.583040634626413e-16,8.311941102570273e-30,0.013396904827420111
1.2740029219142475e-13,0.0750040874413765,3.6415384814095477e-16,0.0,4.1889517236869314e-13,3.9156341392750686e-26,0.8873772569590813,3.43887301941309e-26,3.221021369525681e-26,0.037618655598995424
1.977267530185433e-33,2.2652921885623907e-15,0.9998011772537289,2.73288851546721e-271,8.50345996702805e-14,5.708857075183067e-20,5.043717767639661e-14,1.0903308964409713e-17,0.00019882274613325886,3.0871644826119693e-68
2.1194436867114963e-52,2.7899010765737567e-22,0.9999161473379004,3.253189544518268e-235,1.9228907963640265e-16,1.0823335336422014e-26,4.524621486855781e-21,8.125684356789928e-25,8.385266209941904e-05,2.7312741767315545e-93
3.7775249546936925e-14,0.07237616699762874,5.171967732935119e-16,0.0,6.412826086697883e-13,1.3982239671592464e-26,0.8830741327434289,1.113304909481777e-26,1.0288209860619063e-24,0.044549700258262846
5.4255539894053307e-17,0.01224984925491511,1.1585031982963978e-16,2.105057071901664e-90,3.260359194479365e-22,7.031276572528297e-18,0.9868830183137768,3.5861859690741126e-21,2.1030616231744052e-41,0.0008671324313079282
1.8159589777085533e-26,1.4541171673751049e-10,0.0002607634290994022,0.0,0.999739236409761,2.114011002966009e-43,1.5727786942830064e-11,2.8445609689812304e-33,4.424436860565604e-23,8.519840842339616e-73
8.024438213146622e-34,6.603915312614781e-18,0.9909786594919517,1.2057870278014615e-32,3.2817791059212757e-19,5.822139308519489e-16,4.725319852416178e-16,2.875025761615715e-15,0.00902134050804437,9.625576248545084e-62
1.1615304549476432e-42,3.957265785399853e-21,0.9508492179130991,7.980504672850402e-134,5.433175102163945e-26,4.755827304981836e-14,7.526359556777891e-19,9.266738045355383e-15,0.04915078208684403,3.626661909974179e-72
6.946170814094087e-16,0.06049260849768828,1.4512311718003435e-21,1.9300386175583244e-228,5.917739240966889e-22,9.13266723970304e-21,0.9147606547276218,3.658323198554858e-23,1.68132428035573e-61,0.02474673677468934
0.0004343498969765172,4.648746330844508e-14,2.353715213833555e-10,0.0,2.578927356907667e-49,0.8046121331994484,9.013780792712493e-12,0.1949535166590329,6.776585884314866e-50,1.1047710352397494e-13
2.445639010008854e-25,7.030484560480054e-15,0.9975918615454845,3.525535902486049e-29,6.099639095608273e-17,2.716954890997992e-14,4.208996396974125e-13,3.0892012922234897e-13,0.0024081384537514325,2.9380599393057393e-49
2.1574016283000114e-35,0.010339986391406802,1.150738764334005e-18,6.239557598958328e-46,1.6533915325658155e-17,3.4556990239400525e-35,0.9896561571498027,1.4715007855545758e-39,5.5569061835064645e-65,3.856458790588026e-06
0.0004778901965066448,2.841411482481789e-10,2.1320118329501571e-13,0.0,2.4034821422398282e-49,0.6220861109493127,3.843495635909382e-09,0.37743599472632455,6.472909691170897e-49,6.050937626630236e-15
3.625834784094133e-15,0.01165996827078129,5.1470377470337506e-17,6.031061245075029e-263,3.361976322194745e-26,8.981791262221774e-14,0.988206688705811,1.9892267910850176e-17,2.9645547705386058e-46,0.00013334302331422527
7.642485025233992e-21,9.557065279428237e-09,0.9999998233422425,0.0,7.42559531567571e-10,1.6607428385415584e-16,1.663579530130149e-07,1.7959368929682433e-13,6.17393633706315e-25,3.489903992696022e-55
0.002295803631251666,3.06321737042107e-14,6.001405038396481e-09,0.0,2.730512203445992e-46,0.913526908574111,1.763422258092315e-11,0.08417728175981133,2.77893072097439e-66,1.5756165461568583e-11
1.9552896850407944e-07,0.014085988987885654,1.5623181906967733e-12,3.730118255163529e-245,6.889158744848291e-23,4.614177844950887e-10,0.9785519849763745,3.752025011105873e-12,4.2381466279237627e-35,0.007361830040039043
